name	barcode49	barcode50	barcode51	barcode52	barcode53	barcode54	barcode55	barcode56	barcode57	barcode58	barcode59	barcode60	barcode61	barcode62	barcode63	barcode64	barcode65	barcode66	barcode67	barcode68	barcode69	barcode70	barcode71	barcode72	barcode73	barcode74	barcode75	barcode76	barcode77	barcode78	barcode79	barcode80	barcode81	barcode82	barcode83	barcode84	barcode85	barcode86	barcode87	barcode88	barcode89	barcode90	barcode91	barcode92	barcode93	barcode94	barcode95	barcode96
Acutalibacter muris	0.00853828202850415	0.00435537839713022	0.01731449275571074	0.006132097630215023	0.018624481326425676	0	0.020205301051054066	0.018316456680045695	0.015173696583349645	0.020618556701030927	0.030757977361313842	0.008154506599917002	0.014014583538450556	0.01437402166321204	0.011081277008752777	0.01169270137223519	0.006992832655183969	0.007392568348204236	0.009984081768298167	0.006494174477327294	0.012035095134370108	0.008266906027684477	0.0038984351039504654	0.014928713797838295	0	0.0029456576942611568	0.006289737359193613	0.004285714285714286	0.0028454155108191817	0.003676282805026462	0.005574089642805411	0.00475117318264747	0.007269789983844911	0.010071829247927894	0	0.016792611251049538	0.0017662674728753918	0	0	0	0.009446046337088699	0.010446510430762668	0.013000158200823385	0.009615496254331597	0	0	0.018355945730247406	0
Akkermansia muciniphila	0.23130706814072888	0.41674929037876446	0.1618851055758836	0.2857521861343438	0.26388134490187604	0.3333333333333333	0.5601026984856363	0.5805507066729889	0.5903085830595081	0.4948453608247423	0.48558067030397506	0.42411782898610306	0.4768624971805322	0.4935577260063924	0.6415676946535311	0.47047840144104247	0.5749387129915208	0.6543855215087724	0.6297885949945967	0.5468062486758363	0.574090909090887	0.5825606439372092	0.5772647802650727	0.504442639693839	0.6511627906976745	0.7126980696846223	0.631982055911155	0.7311428571755901	0.6573426573426573	0.6929495608329624	0.6017066657747642	0.6634963768115942	0.6361066235864298	0.5153855292859689	0.5496957403651116	0.5675902602854744	0.510885341073962	0.6923336601771519	0.5865497076023392	0.7903587443946162	0.19216576781152428	0.1290204678362573	0.509895227008149	0.12195963429360014	0.14150197628458497	0.16	0.4054269752593775	0.15446531238022232
Anaerostipes rhamnosivorans	0	0	0	0	0	0	0	0.0002994850277025088	0	0	0	0	0	0.00015193351394907312	0	0.0004878226973344593	0	0	0	0	0	0	0	0	0	0	0	0	0	0	0	0	0	0	0	0	0	0	0	0	0	0	0	0	0	0	0	0
Anaerotruncus rubiinfantis	0	0	0	0	0	0	0	0	0	0	0	0	0	0	0	0	0	0	0	0	0	0	0	0	0	0	0	0	0	0	0.002195827926941112	0	0	0	0	0	0	0	0	0	0	0	0	0	0	0	0	0
Bacillus subtilis	0	6.979695431472081e-05	0	0	0	0	0	9.541564522995171e-05	0	0	0	0	0	0	0	0.00028596420401022743	0	0	0	0	0	0	0	0	0	0	0	0	0	0.00015104950356999692	0	0	0	0	0	0	0.0043541364296081275	0	0	0	0	0	0.002328288707799767	0	0.16744595168092624	0.1563274713789398	0	0.14488309621160025
Bacteroides acidifaciens	0	3.776023019902047e-05	0	0	0	0	0	0	0	0	0	0	0	0	0	0	0	0	0	0	0	0	0	0	0	0	0	0	0	0	0	0	0	0	0	0	0	0	0	0	0	0	0	0	0	0	0	0
Bacteroides caecimuris	0.321376016563784	0.284806641267382	0.3171828171860701	0.3665800847876722	0.27695465908334516	0	0.07557980665193234	0.040999408880811015	0.05246637221356031	0.09278350515463918	0.0740452065471551	0.09463851336744443	0.09359884646584381	0.06092228919982307	0.012104654413062162	0.08505255091873899	0.05696996363796103	0.04825277877710821	0.059652909640532416	0.10377066730068853	0.06363636363636363	0.06572920118147929	0.07306750612466749	0.04946682464454976	0.09496124031007752	0.12483494168528242	0.08868100005470758	0.026571428571428572	0.06759906759918974	0.015064264412657785	0.04107193992947197	0.016606280193236716	0.06583198707592892	0.11144113104431508	0.08519269776876268	0.08060453400503778	0.0841799709724238	0.08172914555893279	0.0935672514619883	0.06220493989417284	0.04200965086573943	0.033260233946032294	0.07566938300349244	0.03450060376175377	0.018972332015810278	0.025714285714285714	0.06384676775738228	0.028363357608279034
Bacteroides ovatus	0	3.573116908027457e-05	0	0	0	0	0	0	0	0	0	0	0	0	0	0	0	0	0	0	0	0	0	0	0	0	0	0	0	0	0	0	0	0	0	0	0	0	0	0	0	0	0	0	0	0	0	0
Bacteroides xylanisolvens	0	8.832205167750722e-05	0	0	0	0	0	0	0	0	0	0	0	0	0	0	0	0	0	0	0	0	0	0	0	0	0	0	0	0	0	0	0	0	0	0	0	0	0	0	0	0	0	0	0	0	0	0
Bifidobacterium animalis	0.004413995005017619	0.004406717437987556	0.0032584288633688984	0.03161758202876202	0.029230629193447984	0	0	8.807598021226311e-05	0	0	0	0.00014359563469270534	0	0	0	0.00018503566141838245	0	0	0	0	0	0.0013543077403896239	0	0	0	0	0	0	0	0.00011619192582307455	0.0004990518015770037	0	0	0	0	0	0.008708272859216255	0	0.006432748538011696	0	0.10303718421799603	0.12518274853814665	0.002328288707799767	0.11367948939106434	0	0	0.04229848363926576	0
Blautia coccoides	0	3.9007569870531346e-05	0	0	0	0	0	0	0	0	0	0	0	0	0	0	0	0	0	0	0	0	0	0	0	0	0	0	0	0	0	0	0	0	0	0	0	0	0	0	0	0	0	0	0	0	0	0
Blautia hominis	0.00012603034696844506	7.893048104306933e-05	0	0	0	0	0	0	0	0	0	0.00032971600060101313	0	0	7.578320288038994e-05	0	7.738407424006984e-05	0	0	0	0	0	0	0	0	0	0	0	0	7.202636459472112e-05	0	0	0	0	0	0	0.0014513788330531856	0	0	0	0	0	0	0	0	0	0	0
Blautia marasmi	0	9.639924909040407e-05	0	0	0	0	0	9.942690002024647e-05	0	0	0	0	0	0	0.00010635838699427221	0	9.209770403393153e-05	0.00013853142081492986	0	0	0	0	0	0	0	0	0	0	0	0	0	0	0	0	0	0	0	0	0	0	0	0	0.0011641698888298314	0	0	0	0	0
Blautia producta	0	0.0002946749769186461	0	0	0	0	0	0.0001334641619323257	0.0005570647059099106	0	0	0.00036168993237324854	0	0.0001778595849818685	0.00013610241811492534	0	0.00013074581633838012	0.00014625625586628033	0	0	0	0	0	0	0	0	0	0	0	0	0	0	0	0	0	0	0.0014513813202337348	0	0	0	0	0	0	0	0	0	0	0
Blautia sp. YL58	0.083219454563391	0.031549528201810964	0.03428208547856774	0.024917474521284833	0.04263077523230531	0	0.031181435554706642	0.02283949169768434	0.018232677090994458	0.010309278350515464	0.04026888916772897	0.073730706534266	0.028927708549670222	0.0440739277374778	0.016187582406113524	0.06819531003004424	0.020818365304062156	0.037030106822421985	0.02027351606561358	0.020354982670566936	0.02809494938026881	0.016643053428181207	0.024796713951810753	0.07121552253384417	0.018410852713178296	0.015044256943985828	0.03253033987358771	0.04628793988378695	0.023310023310023312	0.012995555472583294	0.012002912113717113	0.013462811451539084	0.031096246221634465	0.025742210391369424	0.034975216765151994	0.03020136770963704	0.0319303312835781	0.014207421267935063	0.021636491931069014	0.0072869955156950675	0.020397105045582887	0.019798126011956765	0.031015792466008458	0.01726256740485542	0	0.00856602929132885	0.02620375296175478	0.008432369864437038
Burkholderiales bacterium YL45	0.026687692876491136	0.011616757574364353	0.036518036862719504	0.029362341912089855	0.05435558729025348	0	0.023415786548082268	0.04838307205313771	0.058361272755051055	0.041237113402061855	0.042868277474668745	0.04264790351119895	0.05941631731699452	0.049853779163131676	0.016920794628274952	0.05865630466139514	0.08293822520546015	0.08538614964159968	0.06762810007647765	0.0794338051623647	0.046363636363636364	0.09896864259322798	0.10039591155024935	0.03672985781990521	0.06492248062015504	0.05363128492339376	0.05629411215802219	0.028285714285714286	0.039627039627039624	0.06299374541686818	0.050803473400540096	0.0602355072463757	0.0795638126009693	0.05880955209694665	0.06845841784989858	0.06213266162888329	0.07402031930333818	0.05234718000675447	0.054385964912280704	0.027466367713004484	0.05307976156684644	0.059027777777777776	0.046565774155995346	0.060031050543384507	0.017391304347826087	0.017959183673469388	0.05666400638467677	0.020697585281717133
Clostridioides difficile	0	3.8071065989847716e-05	0	0	0	0	0	0.00942536191367852	0.02297564595324333	0.010309278350515464	0	0.013871349009617494	0	0	0	0	0.0011330394681522413	0.0005406676069581561	0	0.06192460225706799	0.02181818181818182	0.027294773177257967	0	0	0	0	0	0	0.004662004662004662	0.0009121066177111353	0.0008982932428653972	0	0.013731825525040387	0	0	0	0	0	0	0	0	0	0.002328288707799767	0	0	0	0	0
Coprobacillus cateniformis	0	0	0	0	0	0	0	0	0	0	0	0	0	0	0	0	0	0	0	0	0	0	0	0	0	0	0	0	0	0.00011242016583132568	0	0	0	0	0	0	0	0	0	0	0	0	0	0	0	0	0	0
Enterocloster bolteae	0.00037016052479461756	0.000952036654800913	0.0006477902806499191	0.0006516929033064977	0	0	0	0.00025353527411567156	0.0004198811606758979	0	0	0.0005902797394415024	0	0.0002988635651536137	0.0007138801488817784	0.00019377510200845922	0.00033867787018368743	0.0002351470371581995	0	0	0	0	0	0	0	0	0	0	0	0.00028653362333205584	0	0	0	0	0	0	0	0	0	0	0	0	0	0	0	0	0	0
Enterocloster clostridioformis	0	5.7365587733866645e-05	0	0	0	0	0	0	0	0	0	0	0	0	0	0	0	0	0	0	0	0	0	0	0	0	0	0	0	0	0	0	0	0	0	0	0	0	0	0	0	0	0	0	0	0	0	0
Enterococcus faecalis	0.005794782848822507	0.0038407362769603197	0.0025831068197037462	0.0026477165338220352	0.007894756335865701	0	0.0027098397760135884	0.0016440865205933468	0.0009999410677442424	0.010309278350515464	0.0033775006495193557	0.004049400449992192	0.002257336343115124	0.002375948102520379	0.0014021623410171962	0.005214639820139667	0.002153729052335453	0.002056924319268954	0.0017480607451108925	0.0013084334483168788	0.005	0.001771017814355662	0.0014690451206715634	0.008590047393364929	0	0.0026409344845099037	0.0031730401006619616	0.005142857142857143	0	0.0014412632476131489	0.0013973450444156104	0.00196256038647343	0	0.001782107639301414	0.007099391480730223	0	0.007256894049361571	0.005741303613644039	0	0.0036434977578475337	0.05676974841567715	0.06779968735536532	0.009313144627635658	0.0740037922298498	0.05375494071146245	0.05061224489795919	0.0335195530726257	0.04446147950085088
Erysipelotrichaceae bacterium I46	0.014751043448259402	0.01157875835971043	0.010619959478150216	0.018307243300610242	0.018386293335789824	0	0.02223457378707702	0.021835513828071352	0.014162683165177244	0.010309278350515464	0.03689269940244219	0.018165231624266504	0.05627203653282679	0.013513009816185476	0.00571914183848052	0.06013659152177533	0.012151954993589708	0.02139159660877823	0.010597618267234786	0.012275466132208918	0.02954545454547661	0.015522186922752451	0.02689751420618204	0.05065166948637582	0.03875968992248062	0.01797866937531742	0.045954373871656	0.07428571420195113	0.02564102564102564	0.018283748290941277	0.04970560036368243	0.04664855072463768	0.03796445880452343	0.01877153380064156	0.04411764708678845	0.021830394626364446	0.03193033381716987	0.039851412433452645	0.05385905288582762	0.016816143497760498	0.03349418109565711	0.03216374269005848	0.033760186263096625	0.03588062791098844	0	0.0069387755102040816	0.0335195530726257	0.00843234955921809
Escherichia coli	0.00015090581213735447	0.00018083756345177665	0.0005402576353598622	0.0011055098611479615	0.0005801499464476973	0	0.019663702056698165	0.004058833163977294	0.014234456909193272	0.030927835051546393	0.012210963886723825	0.0024985640361874766	0.006852628245776009	0.010082356539245638	0.001415711005290289	0.005012784282061724	0.0025359110834385617	0.002233191276116844	0.012077459851538385	0.004258356131794933	0.022727272727272728	0.031149077993043367	0.006529589947562486	0.014514218009478674	0.035852713178294575	0.015134586077114114	0.02007768477487871	0.013714285760205152	0.03961786443020968	0.04984235241719016	0.07156402834614232	0.028381642512078403	0.018578352180936994	0.04336461922300107	0.030425963460878905	0.030226700251889168	0.027576197387518143	0.02330293819655522	0.03742690058479532	0.016535874439461883	0.12006812375816066	0.12573099415204678	0.03143189755529686	0.12126962221838883	0.11144963098677972	0.0931425291042411	0.06304868316041501	0.11225778094954399
Flavonifractor plautii	0.004429157211060222	0.00568421749348169	0.005345651946846748	0.005590339726432438	0.005712245626551581	0	0.002084491422804272	0.003054553079705427	0.008538693433126077	0.010309278350515464	0.003897116134060795	0.007302045695622115	0.003627651560189368	0.005635208074468163	0.003585380060892484	0.003751177100904943	0.0022808907157944123	0.0010042254069882713	0.002622091117666339	0.002402759605090813	0	0.003750340077925174	0.0008050986507623671	0	0	0	0.0010394441709075622	0	0.002331002331002331	0.00043568325467901623	0.0008995048920222576	0	0	0.002019721991208269	0	0	0.002902757619738752	0.007767646065518406	0.005847953216374269	0.003082959641255605	0.007947771785410162	0.006016749099584428	0.002328288707799767	0.005865102639296188	0	0	0	0
Hungateiclostridiaceae bacterium KB18	0.005421980711299225	0.0026957779937781595	0.011110741775472477	0.004215474670300419	0.01121703249415637	0	0.016203881459425872	0.012515707187475331	0.009541108666068557	0	0.017826070443436575	0.004466193303656344	0.00931846965016066	0.008748333197334184	0.006407546582810434	0.007182054653212571	0.004271988168992941	0.004092898621679993	0.005748462310992906	0.004104138674326995	0.008419450320175345	0.005901552712754893	0.0022451898055980456	0.005510163096000484	0	0	0.00394058159294704	0	0.006478593813190142	0.002476428819427871	0.004356844238550827	0.002042305078222093	0	0.006561175385552193	0.010141987829614604	0	0.005490626576471487	0	0	0	0.008720289172417609	0.008193840446430317	0.004462007107674869	0.008324817701162626	0	0	0	0
Hungatella hathewayi	0	0	0	0	0	0	0	0	0	0	0	0	0	0	0	0	0	0	0	0	0	0	0	0	0	0	0	0	0	8.959356364116035e-05	0	0	0	0	0	0	0	0	0	0	0	0	0	0	0	0	0	0
Laceyella sacchari	0.0002486618434873471	0.0001765365004789811	0	0	0	0	0	0.00021576754253530467	0.0002470451456542207	0.010309278350515464	0	0.0001866742019780902	0	0.00026362419487597414	0.00017739685078116426	0.00016821425127412905	0.0002231084277002488	0.00025724408187479937	0	0.00023789745916525398	0	0	0	0	0	0	0	0	0	0.00030826857672563616	0.0005490307820410731	0	0	0	0	0	0	0	0	0	0	0	0.0034924330616996507	0	0	0	0	0
Lachnoclostridium sp. YL32	0.2769565433402625	0.19657938228415747	0.3590385439342872	0.1924243175363408	0.24201544405125058	0.6666666666666666	0.19663649157990395	0.1364224380786048	0.11885047580759198	0.1958762886597938	0.14828344101452534	0.22165400594872955	0.205266929750219	0.20763196810866763	0.26421572158083345	0.10682957774601143	0.16089672867053256	0.08104004386364246	0.12505554820837209	0.10521316424236742	0.11960826665224669	0.09112965866011857	0.14273816231926886	0.17877688096377412	0.055232558139534885	0.04209007560610504	0.06469055071949151	0.04771204833126182	0.08857808857796644	0.12104267329239601	0.15015550109124634	0.11380168130208408	0.06704591856027145	0.17694283178517783	0.10498421528352955	0.12764917805022857	0.11901306240928883	0.04556968106235876	0.07128807880799311	0.04147982062780269	0.03827000796491487	0.029549520364638412	0.12730782433300916	0.02708719231424669	0.03241106719367589	0.03755641968826299	0.08069949339248939	0.029513203152044375
Lacrimispora algidixylanolytica	0	0	0	0	0	0	0	0.0005340785930064962	0.001379344959497442	0	0	0	0	0	0	0	0	0	0	0	0	0	0	0	0	0	0	0	0	0	0	0	0	0	0	0	0	0	0	0	0	0	0	0	0	0	0	0
Lacrimispora celerecrescens	0	0	0	0	0	0	0	0	0	0	0	0	0	0	0	0	0	0	0	0	0	0	0	0	0	0	0	0	0	0	0	0	0	0	0	0	0	0	0	0	0	0	0.0011641443538998836	0	0	0	0	0
Lacrimispora saccharolytica	0	0	0	0	0	0	0	0.0008528039726294643	0.001621496673594729	0	0	0	0	0	0	0	0	0	0	0	0	0	0	0	0	0	0	0	0	0.00029579232143322077	0	0	0	0	0	0	0	0	0	0	0	0	0	0	0	0	0	0
Lacrimispora sphenoides	0	0	0	0	0	0	0	0.0001337914447558727	0.0001950215323181134	0	0	0	0	0	0	0	0	0	0	0	0	0	0	0	0	0	0	0	0	0	0	0	0	0	0	0	0	0	0	0	0	0	0	0	0	0	0	0
Lactobacillus reuteri	0.00046780801761521864	0.015702987622305466	0.02191420037273895	0.018263022445377246	0.012763298823290343	0	0	0	0.0002352802776307276	0.010309278350515464	0.002598077422707197	0	0	0.00013199711637068852	7.451110554159413e-05	0.0003700713228367649	0	0.00018805829807240243	0	0	0	0.0026044379622877385	0	0	0	0	0	0	0.011655011655011656	0.00026143183310191776	0.0006487673420501048	0	0	0.001425686111441131	0.005070993914807302	0.009235936188077247	0.010159651669085631	0	0	0	0.10786264298192759	0.1175073099415181	0.010477299185098952	0.13213731523953046	0	0	0.05666400638467677	0
Limosilactobacillus fermentum	0	0	0	0	0	0	0	0.0001027553102476403	0	0	0	0	0	0	0	0	0	0	0	0	0	0	0	0	0	0	0	0	0	7.552475178499846e-05	0	0	0	0	0	0	0.008708272859216255	0	0	0	0	0	0.002328288707799767	0	0.10118577075098814	0.10081632653061225	0	0.09467228823303948
Listeria monocytogenes	0	0	0	0	0	0	0	9.541564522995171e-05	0	0	0	0	0	0	0	0.00018503566141838245	0	0	0	0	0	0	0	0	0	0	0	0	0.004662004662004662	6.971515549384473e-05	0	0	0	0	0	0	0.0043541364296081275	0	0	0	0	0	0.004656577415599534	0	0.09737618270642553	0.09591836734627059	0	0.09428899960992618
Longibaculum muris	0	0	0	0	0	0	0	0	0	0	0	0	0	0	0	0	0	0	0	0	0	0	0	0	0	0	0	0	0	0.00010253489694136222	0	0	0	0	0	0	0	0	0	0	0	0	0	0	0	0	0	0
Muribaculum intestinale	0.015612146777062247	0.008003421775686024	0.01740423696126795	0.01172538969716022	0.015307033169419091	0	0.02044576310904598	0.07998499126308362	0.06383241576890575	0.05154639175257732	0.06261366588724344	0.07748942209000242	0.028297316042253613	0.07132959620596308	0.014455167692974164	0.07173980700422708	0.06519126768426992	0.04802489758265012	0.04555849645582943	0.04317830363241049	0.04863636363636364	0.034897411117206324	0.03194674874300035	0.017476303317535545	0.040697674418604654	0.013001523525408109	0.035505224574648504	0.018285714285714287	0.018648018648018648	0.015261828227164676	0.004441561034035333	0.044082125603864736	0.02059773828756058	0.027682071997148627	0.05070993914807302	0.023509655751469353	0.036284470246734396	0.02769334684228301	0.05789473672516793	0.026360082527351825	0.01731478853250071	0.014071637398996943	0.04190919674039581	0.014662756597052514	0	0.011428571428571429	0.028731045490822026	0.013031812955155231
Negativibacillus massiliensis	0	0	0	0	0	0	0	0.00017060482426182723	0	0	0	0	0	0	0	0	0	0	0	0	0	0	0	0	0	0	0	0	0	0	0	0	0	0	0	0	0	0	0	0	0	0	0	0	0	0	0	0
Phocea massiliensis	0	0	0	0	0	0	0	0.00022448912673854815	0	0	0	0	0	0	0	0	0	0	0	0	0	0	0	0	0	0	0	0	0	0	0	0	0	0	0	0	0	0	0	0	0	0	0	0	0	0	0	0
Pseudoflavonifractor phocaeensis	0	3.429990607840774e-05	0	0	0	0	0	0	0	0	0	0	0	0	0	0	0	0	0	0	0	0	0	0	0	0	0	0	0	0	0	0	0	0	0	0	0	0	0	0	0	0	0	0	0	0	0	0
Pseudomonas aeruginosa	0	0	0	0	0	0	0	0	0	0	0	0	0	0	0	0	0	0	0	0	0	0	0	0	0	0	0	0	0	0	0	0	0	0	0	0	0	0	0	0	0	0	0	0	0.02766798418972332	0.026530612244897958	0	0.03717899578382522
Salmonella enterica	0	4.4416243633441116e-05	0	0	0	0	0	0	0	0	0	0	0	0	0	0	0	0	0	0	0	0	0	0	0	0	0	0	0	0.00012568832504905472	0	0	0	0	0	0	0.0043541364296081275	0	0	0	0	0	0.006984866123399301	0	0.09566499351914913	0.07828604232433031	0	0.08283573480768121
Shigella flexneri	0	0	0	0	0	0	0	0	0	0	0	0	0	0	0	0	0	0	0	0	0	0	0	0	0	0	0	0	0.002340177527832273	0	0	0	0	0	0	0	0	0	0	0	0	0	0	0	0	0	0	0
Staphylococcus aureus	0	4.1243654822335025e-05	0	0	0	0	0	0.0001027553102476403	0	0	0	0	0	0	0	0	0	0	0	0	0	0	0	0	0	0	0	0	0	0.0001452399072788432	0	0	0	0	0	0	0.005805515239477504	0	0	0	0	0	0.005820721769499418	0	0.13517786561264822	0.12244803882581005	0	0.11958643900855384
[Clostridium] scindens	0.0001282699403167513	0.00016497507730002864	0.00035454407320490957	0.0007075263111346954	0.00044626918957515175	0	0.00953622851761936	0.016567514221277755	0.007666843071205324	0	0.038779444304499526	0.005602373333910911	0.0152876788239682	0.01687755821024823	0.0036531336747756852	0.044182180547910684	0.005864376476210884	0.006203192522024186	0.009265060497736712	0.008237000130466687	0.020024056694757233	0.0124567886541262	0.007945304211203657	0.04769715924349408	0	0	0.0098418548381427	0.004285726075776225	0.004662004662004662	0.0004124959781780818	0.0015295630331314998	0.0045289855072463804	0.02221324717285984	0	0.009127789046653144	0.030226700251889168	0.01741654571843251	0.009456264775413711	0.011111113334152873	0.00476457399103139	0.1894169304485564	0.22223065401042771	0.030267753201396973	0.22371993150049468	0	0.007755102040816327	0.09102173369364092	0.006899195093905711
