Taxons	barcode01	barcode02	barcode03	barcode04	barcode05	barcode06	barcode07	barcode08	barcode09	barcode10	barcode11	barcode12	barcode13	barcode14	barcode15	barcode16	barcode17	barcode18	barcode19	barcode20	barcode21	barcode22	barcode23	barcode24
Acutalibacter muris	0.010931684488808694	0.017054397023594042	0.02143694074093004	0.01842130594884262	0.008555924506164173	0.008820798514391829	0.009891898322522154	0	0	0.007752071578528292	0	0	0	0	0	0	0	0	0	0	0.013114594117929942	0.02057858598881238	0	0.01026317528328349
Akkermansia muciniphila	0.04923076923076923	0.028485409911996294	0.03225806451612903	0.04016268429079817	0.053411704574495275	0.07567316620241411	0.04476629361421988	0	0.05956508036558462	0.05709772060482961	0	0	0	0.002066115702479339	0.0029647198339756895	0	0	0	0	0	0.04806565064478312	0.03488372093023256	0.06815703380588876	0.04405200853871531
Bacteroides caecimuris	0.2455944055944056	0.18990273274664196	0.173346366894754	0.22216573462125064	0.23358037311525684	0.28180129990714947	0.19387755102040816	0.2	0.2571698707847463	0.18709095012412547	0.004064289673009422	0.018321513002364065	0.023089840470193114	0.010330578512396695	0.009190631485324638	0	0.0023065632208010066	0	0	0.001340809361287177	0.2340758108636186	0.1649048625792812	0.28735005452562706	0.19289734135455075
Bifidobacterium animalis	0	0.003937007874015748	0.006842619745845552	0	0.005111167901865576	0	0	0	0.0034667507091080997	0	0.09403288378405865	0.08628841607565012	0.07766582703610402	0.08677685950413223	0.09576045063741477	0.1113662456946039	0.10798909624659257	0.09061063690085358	0.089728453364817	0.0916626036079961	0	0.0010570824524312897	0	0
Blautia sp. YL58	0.32229654836306104	0.3178986818182511	0.3103482577877402	0.3406475055047196	0.3707861025936795	0.4285619461698918	0.39464684416589163	0.3	0.41448638055698217	0.367398878887853	0.0206931292546571	0.044917257366273125	0.028127623845507977	0.027478711843711895	0.029498907968197322	0.11854190585533869	0.12434472635856683	0.096913985554826	0.09235209235209235	0.09275962944904924	0.338977856106041	0.323969115575418	0.4671557087214737	0.38805554182102187
Burkholderiales bacterium YL45	0.006993006993006993	0.0111162575266327	0.01335940045617465	0.009150991357397052	0.008177868642984922	0.009749303621169917	0.006254114549045424	0	0.012606366214938543	0.009252990295644324	0.009237021984112323	0.016548463356973995	0.011335012594458438	0.013636363636363636	0.009190631485324638	0.14954075774971298	0.1394422310756972	0.11950098489822718	0.11714548078184442	0.11738176499268649	0.008987885892926924	0.008456659619450317	0.007906215921483098	0.006015913060353192
Enterococcus faecalis	0.01006993006993007	0.0111162575266327	0.024112088628217662	0.018301982714794104	0.020189113212369027	0.016248839368616527	0.012179065174456879	0.05	0.014497321147179325	0.011961182577296321	0.3552558715871151	0.33451536643026003	0.33123425363342623	0.34601338865337766	0.33948375075171616	0.1317451205510907	0.1396519186412246	0.11477347340774786	0.11334120425029516	0.11153096050706972	0	0.013742071881606765	0.009269356597600873	0.010479332427712013
Erysipelotrichaceae bacterium I46	0.017062937062937062	0.015284854099119963	0.016943629846855653	0.011692933401118455	0.01712241247124968	0.013927576601671309	0.013495720868992759	0	0.0173337535455405	0.012863913337846988	0.025124699340622246	0.03900709219858156	0.029387069689629244	0.025826446280991736	0.027275422472576343	0.10304247990815155	0.10127909414971692	0.0953381483913329	0.08999081726354453	0.09080936128717698	0.010941774130519734	0.013742071881606765	0.012813544723412406	0.01455462837182224
Escherichia coli	0.003076923076923077	0.0030106530801296896	0	0	0	0	0	0	0	0	0	0	0	0	0	0	0	0	0	0	0	0	0	0
Flavonifractor plautii	0.004195804195804196	0.007642427049559981	0.010101010101010102	0.007625826131164209	0.006133401482238692	0.008820798514391829	0.0032916392363396972	0.1	0.010400252127324299	0.00631911532385466	0.0031405874745981895	0.00591016548463357	0.005037783375314861	0.0035123966942148762	0.005929439682163063	0.1145235361653272	0.12203816313692598	0.0917925147734734	0.09340154794700249	0.09605070697220867	0	0.007399577167019027	0	0.0034931108092373375
Hungateiclostridiaceae bacterium KB18	0.0153620388652051	0.017683907747133153	0.023854685195857192	0.013607163802047054	0.011888747101298136	0	0.008212117477346178	0	0	0.011205274393035687	0	0	0	0	0	0	0	0	0	0	0.01384906356085083	0.016419299846282764	0.006543075245365322	0.009530339128621026
Lachnoclostridium sp. YL32	0.29308804996124677	0.35648760813079944	0.32471202243383035	0.2973799474693526	0.2394873448890704	0.11043532830005202	0.283357939472519	0.35	0.10962329497754661	0.22388976927261814	0.2800643065618562	0.26477541402852595	0.2976490344248531	0.2742519644177268	0.27525096118879144	0.14035591274397244	0.12623191444663343	0.10216677609980301	0.10179719270628361	0.1022671867381765	0.3155747034875503	0.3705340556719393	0.11326956950791373	0.29562464840514846
Lactobacillus reuteri	0.011188811188811189	0.009958314034275127	0.021505376344086023	0.011184544992374174	0.0084334270380782	0.009285051067780872	0.004279131007241606	0	0.07154112826977624	0.07154141277364026	0.20838721033997076	0.18971631205673758	0.19647355493051305	0.2101071747546052	0.20545508449451597	0.13088404133180254	0.13671629272384148	0.08640840446487197	0.09077790895972714	0.0932471964895173	0.003907776475185619	0.010570824524312896	0	0.002522802251115855
Muribaculum intestinale	0.01090909090909091	0.010421491431218156	0.012056044314108831	0.009659379766141332	0.01712241247124968	0.015784586815227482	0.013166556945358789	0	0.012921525370312008	0.017603249830737983	0	0	0	0	0	0	0	0	0	0	0.012504884720593983	0.013742071881606765	0.013631406761177753	0.013196196390452164
Peptacetobacter hiranonis	0	0	0.0039100684261974585	0	0	0	0	0	0	0	0	0	0	0	0	0	0	0.09822718319107025	0.10625737898465171	0.10689907362262312	0	0	0	0
[Clostridium] hylemonae	0	0	0.005213424568263278	0	0	0	0	0	0	0	0	0	0	0	0	0	0	0.09835850295469468	0.09904237176964449	0.09154071184787908	0	0	0	0
[Clostridium] scindens	0	0	0	0	0	0.020891304917242868	0.012581128145657856	0	0.01638827593096126	0.016023470999989232	0	0	0	0	0	0	0	0.005909389363099146	0.006165551620097074	0.004509995124329595	0	0	0.013904034190057219	0.009314962157966233
Total_NF	3586	4341	3099	1983	3938	2182	3059	20	3210	4469	5582	1769	2493	4996	3479	3503	4790	7654	7664	8235	2587	950	3696	5178
