Taxons	barcode01	barcode02	barcode03	barcode04	barcode05	barcode06	barcode08	barcode09	barcode10	barcode11	barcode12	barcode13	barcode14	barcode15	barcode16	barcode17	barcode18	barcode19	barcode20	barcode21	barcode22	barcode23
Acutalibacter muris	0.03296650619158375	0.05870487007248704	0.051282256290738584	0.06084782181498053	0.0482251791295955	0.037073040579656553	0.016537501648905828	0.010022201396382196	0.012414337713332323	0.040306430643072606	0.010446979125356123	0.031446356298382924	0.06385245171291755	0.010520774871330523	0.031930579724218824	0	0	0	0	0	0	0
Akkermansia muciniphila	0.010703304401977191	0.0036750684741531743	0.03105215556225505	0.007981187201596237	0.001851600957413178	0.003955309084977981	0.006259000775451423	0.005002779321845469	0.005554213957981164	0.005719176749795744	0.004126329154102523	0.007342931397219587	0.003605210110094588	0.05968480460014908	0.008692936338556036	0	0	0	0	0	0	0
Bacteroides caecimuris	0.053438679162795065	0.054571299795444304	0.04461863129333735	0.059075037411815	0.0515286998148399	0.0698091665307454	0.09759610058712748	0.13118399097393155	0.054624486838927795	0.08956152978251566	0.1816732323513185	0.09120910853237893	0.0610559776710611	0.06951144753006593	0.049554942480870334	0	0	0	0	0	0	0.0018606574322927434
Bifidobacterium animalis	0	0	0	0	0	0	0	0	0	0	0	0	0	0	0	0	0	0	0	0	0	0
Blautia sp. YL58	0.36540123927535983	0.34257276886477317	0.2546334417367258	0.36332638620047103	0.3907155785265972	0.45451464073984943	0.527436054277053	0.564676643425206	0.6260270922615047	0.39142689211690196	0.5685653881966002	0.4229443502903733	0.3207819506308555	0.5746077477059888	0.4512280317173088	0.013080111436901508	0.013896304873259132	0.014568338742039862	0.013104793894707116	0.023883751914084487	0.019785172256308287	0.02191018332438849
Burkholderiales bacterium YL45	0.0016736075977385595	0.001664181950559928	0.0007752271846332745	0.0019240362003848073	0.001761278959490584	0.0015902789104550645	0.0019940179461615153	0.005173814512335913	0.0014006278676648152	0.002412169785628137	0.0036819552451991745	0.0025989026855327752	0.0013955652039075825	0.0025556383771696304	0.0015616053302795274	0.004255065798375236	0.004743452699091395	0.004389592213245117	0.004422845910232609	0.01890890507218602	0.0074567508450984294	0.010026876162910895
Enterococcus faecalis	0.0038921106916280706	0.00416027224455643	0.0034023859770015937	0.004240001851318075	0.003703201914826356	0.005382482466155603	0.00847457627118644	0.009406856002132181	0.006761651774933591	0.0022954518927751624	0.005204804350273904	0.003424089581856056	0.0033726159094435186	0.0042061548290916835	0.005882046744052886	0.09433057706834674	0.08979155532108316	0.08658311597429862	0.08518072974508706	0.2079979554928233	0.21463008765981847	0.2109779831607545
Erysipelotrichaceae bacterium I46	0.001167633207488421	0.0022535797247165692	0.0016796589000387613	0.0008194969001638993	0.0025741769407939302	0.002854346762355244	0.0027694693696687714	0.00436139892635561	0.003284230862110601	0.0011282729642454188	0.0006030788763688303	0.0016088445196155274	0.0013567995037990386	0.003993184964327548	0.0022903544844099736	0.004251325035943342	0.005478353821485837	0.004198740377886634	0.005187288413235776	0.010604318385077296	0.00666136408828793	0.009820136448226626
Escherichia coli	0.020277896703382245	0.0284297749887321	0.023342951892846377	0.03062794324464252	0.06728988845233257	0.037595824498450496	0.06480560549858794	0.06272715611237012	0.06211060130403284	0.008364782320920491	0.02469449291684152	0.02041941585002771	0.010040316328112886	0.02726014268980939	0.038519598146895005	0	0	0	0	0	0	0
Flavonifractor plautii	0.01081966508057523	0.013764150379350158	0.009561137017084335	0.008836314401722308	0.014496680666576344	0.015739686153313125	0.01517669212792058	0.018300504769502738	0.014247766033959098	0.00809519421382467	0.009389808643392275	0.010395610727869885	0.011086990231099988	0.02017786045389855	0.014262662015932591	0.007727971260562202	0.007415820282965916	0.009097270818754374	0.008681882712688308	0.013542864443592692	0.011930801352157487	0.011680793880504445
Hungateiclostridiaceae bacterium KB18	0.005565392029046119	0.004083483474955349	0.0053108027334996	0.004103202630739623	0.003574486679012588	0.0019499573027805192	0.001181511688073104	0.0007102568068931232	0.0008674782731443299	0	0.00037668375847816976	0	0.0004609306519698493	0.0011393252245059052	0.0018000954098189752	0	0	0	0	0	0	0
Laceyella sacchari	0	0	0	0	0	0	0	0	0	0	0.0004126329204189151	0	0	0	0	0	0	0	0	0	0	0
Lachnoclostridium sp. YL32	0.48627082316825315	0.48074662914831295	0.5643926025423794	0.4501661243406119	0.4080470101018632	0.36276638750624685	0.24414368051109353	0.1240551042236705	0.1666366871232541	0.4286054335418909	0.14763076178161721	0.37949818522566026	0.49932459183916755	0.16194669898017294	0.33822480984685444	0.8608329549131398	0.8586317551187128	0.8680577825124929	0.8665501151735496	0.6463602754624476	0.6720273724681601	0.6661195871731797
Lactobacillus reuteri	0.002841240804888491	0.0012134660055581278	0.005641931177053275	0.002458490700435379	0.0009483809781872375	0.0005300929701516882	0.006037443225877921	0.002693804248196303	0.0047814537551155245	0	0.00041263291541025234	0.0004537766593787385	0.0008140797022794232	0.01911345375053287	0.01962417365051273	0.015521994486731085	0.02004275788340172	0.013105159361282525	0.0168723441504995	0.07870192922978868	0.06750845133016926	0.06760378241774279
Muribaculum intestinale	0.00498190168528393	0.00416045487639982	0.004306817692407081	0.005593957101118732	0.005283836878471752	0.006238786494862176	0.0075883460728924336	0.011630392953348027	0.006568461724221202	0.01104929385674824	0.016124425060806604	0.01200445526449716	0.006396340517909754	0.007370673649787123	0.005205351100931758	0	0	0	0	0	0	0
[Clostridium] scindens	0	0	0	0	0	0	0	0.05005509632783017	0.034720910509817696	0.011035372131681091	0.026656794703816218	0.016653972967207355	0.01645617998738173	0.03791209237317021	0.03122281300935809	0	0	0	0	0	0	0
Total_NF	25693	28843	23219	28066	22143	24524	18054	23387	20705	25710	31505	24241	25796	18782	19211	16686	14969	15719	18314	7830	10058	9677
